station     min  max  mean
MRSTC      0.00 0.68 0.22
N64W1675   0.00 0.55 0.15
N63W173    0.00 0.76 0.24
N73W145    0.03 0.76 0.26
N63W171    0.00 0.69 0.22
PABA20     0.00 0.42 0.15
N72W1675   0.01 0.34 0.16
N714W1575  0.00 0.21 0.09
PASN10     0.02 0.02 0.02
PLPT20     0.00 0.68 0.15
N72W155    0.00 0.52 0.13
YKRDC      0.00 0.49 0.18
PAPH20     0.02 0.23 0.05
DMPT10     0.00 0.26 0.09
N628W1663  0.00 0.58 0.18
NSLG10     0.01 0.02 0.01
N56W167    0.00 0.00 0.00
PATG10     0.00 0.55 0.13
N57W177    0.00 0.00 0.00
N74W165    0.00 0.38 0.13
PAPOC      0.00 0.42 0.16
CMPTC      0.00 0.22 0.08
PTTPC      0.01 0.25 0.09
N57W161    0.01 0.02 0.02
N74W155    0.05 0.63 0.19
N713W160   0.00 0.32 0.13
N76W170    0.04 0.36 0.13
N63W175    0.00 0.74 0.25
N55W169    0.00 0.00 0.00
N58W175    0.01 0.01 0.01
N75W1625   0.05 0.47 0.15
PAGM10     0.00 0.76 0.24
N61W169    0.00 0.60 0.18
N57W1687   0.02 0.02 0.02
N57W165    0.03 0.17 0.05
N644W170   0.00 0.67 0.23
N72W1625   0.00 0.25 0.11
N59W169    0.00 0.57 0.11
N74W1475   0.03 0.73 0.25
N76W145    0.02 0.65 0.17
ICYPC      0.00 0.45 0.16
PLPTC      0.00 0.73 0.18
PPIZ10     0.00 0.40 0.15
PAWIC      0.00 0.42 0.17
PAPH10     0.02 0.34 0.08
PABRC      0.00 0.16 0.08
PATG40     0.00 0.45 0.09
N663W1683  0.00 0.45 0.17
NRTS3      0.00 0.49 0.16
N58W165    0.00 0.53 0.11
NUQT20     0.00 0.34 0.09
N593W163   0.00 0.50 0.14
NUQT10     0.00 0.34 0.09
N72W145    0.02 0.62 0.25
PASA10     0.00 0.67 0.23
N75W1675   0.02 0.34 0.12
N62W167    0.00 0.59 0.17
N73W155    0.01 0.58 0.15
N73W1525   0.03 0.61 0.18
N62W173    0.00 0.75 0.19
N62W169    0.00 0.59 0.20
NSLG20     0.01 0.02 0.01
PAGM20     0.00 0.76 0.24
PABA10     0.00 0.30 0.10
N74W1675   0.00 0.34 0.12
N55W171    0.00 0.00 0.00
KIVA10     0.00 0.45 0.18
N72W1425   0.01 0.71 0.25
N62W171    0.00 0.71 0.19
N72W1725   0.00 0.25 0.14
N73W1725   0.02 0.24 0.12
YKRD10     0.00 0.49 0.18
YKRD20     0.00 0.57 0.18
PAHP10     0.00 0.60 0.16
N57W163    0.02 0.16 0.05
NSLGC      0.01 0.02 0.01
N60W179    0.03 0.05 0.04
PASC20     0.00 0.37 0.10
PTTP20     0.01 0.33 0.11
N73W1425   0.02 0.73 0.24
STMNW      0.00 0.61 0.10
N57W173    0.00 0.00 0.00
NECP10     0.00 0.60 0.21
N56W171    0.00 0.00 0.00
PASG20     0.00 0.00 0.00
N74W1375   0.01 0.61 0.16
N76W150    0.02 0.73 0.20
PTBR20     0.00 0.45 0.12
PAOMC      0.00 0.47 0.14
N634W1734  0.00 0.77 0.25
N71W1425   0.03 0.58 0.21
PAGMC      0.00 0.74 0.23
FLPSC      0.00 0.01 0.00
N70W1375   0.00 0.33 0.14
N74W1725   0.01 0.22 0.10
NUNVC      0.00 0.61 0.17
CMPT20     0.00 0.22 0.08
KTZSM      0.00 0.40 0.19
N59W165    0.00 0.68 0.18
N73W150    0.03 0.63 0.24
N62W175    0.00 0.74 0.16
N72W1575   0.00 0.45 0.12
KIVAC20    0.00 0.54 0.22
N77W160    0.06 0.61 0.20
N6710W165  0.00 0.49 0.20
LNLAC      0.00 0.48 0.12
N712W1625  0.00 0.31 0.14
N56W173    0.00 0.00 0.00
N73W160    0.00 0.46 0.14
N5975W173  0.00 0.49 0.08
N56W163    0.00 0.01 0.00
N74W150    0.03 0.71 0.26
N72W1375   0.02 0.57 0.21
STLISW20   0.00 0.71 0.23
N75W155    0.06 0.70 0.24
N56W175    0.00 0.00 0.00
N70W170    0.00 0.25 0.12
PAHP20     0.00 0.59 0.16
N77W140    0.04 0.49 0.13
N77W165    0.04 0.45 0.16
N76W140    0.03 0.57 0.15
N71W1375   0.02 0.51 0.19
N73W1575   0.01 0.53 0.15
N74W140    0.03 0.68 0.21
STMNE      0.00 0.61 0.11
NRTS7      0.00 0.41 0.17
N73W170    0.01 0.22 0.11
KIVAC      0.00 0.45 0.18
N72W170    0.00 0.29 0.15
STLISE20   0.00 0.59 0.20
N74W145    0.03 0.72 0.24
N73W165    0.00 0.27 0.09
DEER10     0.00 0.35 0.16
PTCR20     0.00 0.52 0.16
PAPHC      0.02 0.34 0.08
PTBR10     0.00 0.45 0.12
NUQTC      0.00 0.34 0.09
PAOM20     0.00 0.59 0.17
LNLA20     0.00 0.48 0.12
N72W140    0.01 0.68 0.25
PAMY20     0.00 0.56 0.17
N75W165    0.05 0.39 0.14
N58W167    0.00 0.54 0.09
N69W1725   0.00 0.31 0.11
N647W16775 0.00 0.62 0.18
PADLC      0.00 0.57 0.16
N71W1675   0.00 0.38 0.16
N74W1575   0.03 0.59 0.16
PASG10     0.00 0.00 0.00
N75W1425   0.03 0.70 0.20
STLISE10   0.00 0.62 0.20
DEERC      0.00 0.35 0.16
ICYPC20    0.00 0.41 0.15
PAPO20     0.00 0.40 0.14
STLISW10   0.00 0.71 0.23
N60W177    0.00 0.12 0.02
N55W167    0.00 0.00 0.00
N6925W16475 0.00 0.44 0.16
N60W169    0.00 0.61 0.15
N70W165    0.00 0.46 0.17
N76W155    0.06 0.72 0.24
PAWI10     0.00 0.42 0.17
N75W1725   0.03 0.31 0.12
N73W1475   0.04 0.73 0.26
PAOT10     0.00 0.32 0.16
N76W160    0.06 0.52 0.17
N705W1635  0.00 0.40 0.15
CMPT10     0.00 0.22 0.08
PASH10     0.00 0.49 0.18
PAEN20     0.00 0.48 0.12
PAOT       0.00 0.32 0.15
PTCRC      0.00 0.50 0.16
DEER20     0.00 0.35 0.16
PLPT10     0.00 0.68 0.15
N711W1475  0.02 0.49 0.16
STLISE     0.00 0.62 0.20
N74W1525   0.04 0.68 0.24
PAKNC      0.00 0.59 0.17
N715W155   0.00 0.47 0.12
N60W175    0.00 0.38 0.06
PAOM10     0.00 0.59 0.17
N73W1675   0.00 0.24 0.10
N59W179    0.01 0.01 0.01
N59W167    0.00 0.67 0.15
PAENC      0.00 0.48 0.11
PAHPC      0.00 0.60 0.16
N75W160    0.04 0.55 0.16
N61W175    0.00 0.62 0.10
N77W150    0.04 0.62 0.18
N75W1375   0.02 0.58 0.15
N71W140    0.02 0.57 0.20
N73W1375   0.03 0.63 0.21
NRTBC      0.00 0.46 0.16
N68W170    0.00 0.35 0.12
N59W175    0.03 0.05 0.05
PASA20     0.00 0.70 0.23
N76W165    0.05 0.39 0.13
PASGC      0.00 0.00 0.00
STMSE      0.00 0.55 0.10
PASC10     0.00 0.37 0.10
N59W177    0.02 0.03 0.03
N638W1689  0.00 0.60 0.21
N75W140    0.03 0.65 0.18
NECP20     0.00 0.63 0.20
N7025W141  0.00 0.30 0.11
NRTS6      0.00 0.58 0.17
N597W165   0.00 0.73 0.20
N57W167    0.01 0.05 0.03
N70W1675   0.00 0.26 0.12
N75W1475   0.03 0.74 0.23
N74W160    0.02 0.54 0.16
N58W171    0.04 0.23 0.07
N75W150    0.03 0.73 0.23
N61W167    0.00 0.59 0.16
N58W163    0.00 0.44 0.09
ICYPC10    0.00 0.45 0.16
N74W1425   0.03 0.71 0.22
N72W160    0.00 0.36 0.13
PAUN10     0.00 0.44 0.18
PASNC      0.02 0.02 0.02
N68W1725   0.00 0.37 0.10
N71W1725   0.00 0.24 0.11
PASH20     0.00 0.51 0.19
N68W1675   0.00 0.41 0.15
N72W150    0.03 0.54 0.17
N74W170    0.00 0.24 0.11
N654W1715  0.00 0.70 0.22
N58W161    0.00 0.45 0.09
N67W170    0.00 0.43 0.15
N72W165    0.00 0.23 0.10
N71W145    0.00 0.52 0.18
N57W1717   0.01 0.01 0.01
N58W177    0.00 0.00 0.00
STMSW      0.00 0.53 0.08
DMPTC      0.00 0.26 0.09
PAUN20     0.00 0.47 0.18
NUNV20     0.00 0.64 0.17
PTTP10     0.01 0.25 0.09
BRST10     0.00 0.56 0.20
N75W170    0.02 0.31 0.11
FLPS10     0.00 0.01 0.00
N58W179    0.00 0.00 0.00
NRTS1      0.00 0.51 0.16
N714W1525  0.00 0.48 0.12
N628W1683  0.00 0.60 0.21
N55W165    0.00 0.00 0.00
FLPS20     0.00 0.00 0.00
N58W173    0.02 0.04 0.03
NRTS8      0.00 0.46 0.15
BRSTC      0.00 0.51 0.19
N77W155    0.06 0.66 0.21
N72W1525   0.01 0.58 0.15
N69W170    0.00 0.32 0.13
DMPT20     0.00 0.26 0.09
PADL20     0.00 0.65 0.16
PAPO10     0.00 0.41 0.15
PAWI20     0.01 0.31 0.13
N75W1575   0.06 0.62 0.18
PPIZ20     0.00 0.40 0.15
N69W1675   0.00 0.40 0.15
DIOM2      0.00 0.56 0.20
N75W1525   0.05 0.71 0.25
N58W169    0.05 0.34 0.09
STLISW     0.00 0.69 0.22
N60W171    0.00 0.55 0.11
N67W1675   0.00 0.47 0.17
PAEN10     0.00 0.48 0.11
PATCC      0.00 0.51 0.19
N56W165    0.00 0.00 0.00
N712W150   0.01 0.52 0.13
PTBRC      0.00 0.16 0.08
N77W145    0.03 0.55 0.14
N65W169    0.00 0.56 0.20
N56W169    0.00 0.00 0.00
PATG20     0.00 0.53 0.12
PPIZC      0.00 0.39 0.14
N71W165    0.00 0.31 0.15
N61W171    0.00 0.65 0.15
N77W170    0.03 0.53 0.16
PASN20     0.02 0.08 0.04
N57W175    0.00 0.00 0.00
N653W1704  0.00 0.57 0.18
N71W170    0.00 0.32 0.15
LNLA10     0.00 0.48 0.12
N72W1475   0.03 0.56 0.22
N61W177    0.00 0.52 0.08
N596W167   0.00 0.77 0.19
PTCR10     0.00 0.53 0.17
N59W173    0.00 0.34 0.05
PAMY10     0.00 0.58 0.17
N73W140    0.02 0.68 0.23
N75W145    0.03 0.72 0.22
N58W159    0.00 0.59 0.15
N73W1625   0.00 0.40 0.12
NRTS2      0.00 0.51 0.16
PASHC      0.00 0.49 0.18
N70W1725   0.00 0.27 0.11
PASAC      0.00 0.67 0.23
PABAC      0.00 0.30 0.10
NRTS4      0.00 0.52 0.18
NECPC      0.00 0.58 0.20
N612W173   0.00 0.67 0.12
N59W171    0.08 0.45 0.14
NUNV10     0.00 0.61 0.17
N74W1625   0.01 0.45 0.14
